14.911452020907847
14.76794791326438
14.684893953737552
14.708026700578909
15.0338159577114
14.854388264170824
14.734638927937183
14.903032733560819
15.146039437979471
14.441465408446776
14.985411922825724
14.750080854893138
14.896489816589334
15.015457401353036
14.632948749989003
14.994914453070047
15.000770509121168
14.795360854206647
14.182238460546854
14.823550590600144
14.93663558755308
14.96529478938007
14.480403080482981
15.237096722995004
14.650069424802862
14.706743018245799
14.823550981845564
14.646913285928893
14.965209374122008
14.458587308015113
14.978965596120336
14.553402965578119
14.835252911514312
14.79714492455078
15.118396765080742
14.602553763926082
15.046824650971738
15.054810135777554
14.678773134281233
14.902223844935545
14.808056502387489
14.64176413868549
14.328684983285621
14.770928491553237
14.779171524071185
14.832933531479453
14.44941802332398
14.65455833069332
14.708506986331084
14.854157822598834
15.243373293513173
15.012361729078481
14.335611143564439
15.002566575393788
14.750238416288662
14.571587190297075
15.035082365281262
14.759077696269884
15.053824479314383
14.739886950341239
