14.808248386609291
14.882593072524607
14.801689284282457
14.92570652153893
14.748389504729957
14.72595590276943
14.721454403923104
14.81757170712573
14.740213950996234
14.857097433975921
14.694788718228558
14.883753963026852
14.925580748663977
14.824562034209208
14.738522703889206
14.835316492251787
14.851672208842992
14.823405817046131
14.793967586238743
14.838866803812701
14.762252964338739
14.797237797893386
14.775319103029343
14.819055025875464
14.732777761924146
14.70143469220365
14.835259696691416
14.804574542846819
14.673529576105418
14.735734969977354
14.858635452023119
14.824504510639555
14.686618996737122
14.786666770521618
14.84118396637304
14.66890266901268
14.743107079346665
14.832930271277371
14.780434135272415
14.809151116896711
14.89041775621791
14.792363690150525
14.916404683822185
14.688218096700222
14.76047355096471
14.900350611739121
14.865092615869777
14.83833756418102
14.866105435357273
14.83706440515466
