15.953317480614112
14.514330462929939
14.183690708322917
16.49404126305859
14.576682697983472
14.834818471234348
15.531494899936956
14.652049973328191
14.356181451342154
14.337214297030519
14.503558794409527
14.3455712372097
14.450540623529916
17.194262070769838
14.177406796410777
14.950569275418964
14.501102520848784
14.206270421199765
15.684320035026774
14.400706271856361
13.552599555753968
15.846857558946196
14.86191858529894
13.992364686091161
13.44446233899542
15.055806657773282
14.45429366037667
15.214233512283416
14.848192789618043
16.052763860617052
14.279176202254712
14.893826508349584
14.478869789477766
13.76834091973553
15.526813208467422
14.800747941902658
14.933421687470041
14.640975020378313
13.669308095147898
14.901051914359083
14.963187644088348
14.39144349819396
13.986059776638873
14.049371754123344
14.333688641618902
15.178573378805577
13.82392789483525
13.012053647205555
14.536192504298974
13.090436266265192
