21.934480093656802
21.47313214546094
22.258029743891548
21.98633509128124
21.88521346147604
21.945814464385247
22.372777522956525
22.46234390019226
22.224421901229686
21.644774829046167
22.24680075163066
22.503243131839273
22.487248455391235
21.900090154975572
22.59655373878736
21.703940179194802
21.914117115932545
21.643328029244298
21.852194997347883
22.28934413559852
22.73078695309255
21.826337118836395
22.023289505530943
22.317044244009146
21.321466416003027
22.165733155338273
21.62063651636313
21.978204273151896
22.76849620186923
21.85653937922569
22.159165440112485
22.10703985830812
22.00046001852579
22.10828750241937
21.67778409043829
21.97708620172804
22.2766716217279
21.91380529244928
21.853463651155586
21.96594028574573
21.88901326356442
22.226269358413525
21.965973966586606
22.03793287570914
22.012376964704135
21.946220164769954
21.976462470194342
22.28802399210793
22.31012517214935
21.86618607962201
