23.13888589959669
21.57237255314197
20.71614713162229
21.918313106539276
20.881245191070615
20.895187747324908
21.663446091486772
21.16074657231232
20.797133567958078
22.997217999661583
22.94028050139346
22.61756527539194
21.596343202023686
22.29847816848695
21.84042142403563
21.88083969604479
22.97918438402652
22.066499552447866
21.62493175587895
20.810016947130077
21.869659685960062
22.465031200576902
22.15652418267963
23.559064886755895
22.02222430166469
24.084602787232356
21.412533906250133
23.734117734420444
21.76519500307084
22.804457055345537
22.870860260829577
21.658251843167882
21.31786243135512
22.89326707264745
22.370964189690945
23.081959124391204
21.061048578963366
22.969708195986613
22.30235696167242
22.92635380882144
23.113004524223584
24.541454605559288
21.30971183996032
21.24503530034464
21.422264339238634
22.437777638320945
22.998069956144263
21.651163176606506
19.84682618754209
22.49890182226732
