21.91045816245464
21.847455873141197
21.83317900733116
21.94930406191286
22.032265893844535
21.876513139060968
22.022814748186633
22.127210820835273
22.02481017048223
21.842632382947276
22.03255467167797
21.97557598907662
22.116643168169556
22.050270613218498
22.116229455100274
22.156721784123153
22.086472639617856
22.15815934215125
22.02319546297948
21.936591833004307
22.131195683538742
22.107102270630808
22.12723184147929
22.02995602042869
22.035146549765198
22.046061617812267
21.965715148477717
21.864505660924955
21.92071788637495
22.000325050369796
22.209719358795446
22.15677862131557
21.97750950246423
22.093635517753814
22.04904557764545
22.13503672281978
22.087807050048877
22.054239533344315
21.877289372039424
21.926379779654457
22.13005655624484
22.057030783332124
22.02436623477679
22.043432390802145
21.9289759252895
22.01597929474148
22.158098250583294
21.984785395937017
21.933490753713848
21.991922437394425
